1 0.191489 0.563636 0.029787 0.600000
4 0.293617 0.590909 0.076596 0.563636
4 0.395745 0.586364 0.076596 0.572727
7 0.493617 0.536364 0.076596 0.600000
29 0.722340 0.531818 0.065957 0.590909
43 0.825532 0.545455 0.080851 0.600000
12 0.926596 0.536364 0.082979 0.618182
19 0.650000 0.968182 0.031915 0.063636
24 0.673404 0.968182 0.014894 0.063636
19 0.688298 0.968182 0.019149 0.063636
20 0.708511 0.968182 0.025532 0.063636
19 0.732979 0.968182 0.027660 0.063636
40 0.753191 0.968182 0.017021 0.063636
24 0.767021 0.968182 0.014894 0.063636
19 0.784043 0.968182 0.023404 0.063636
22 0.803191 0.968182 0.019149 0.063636
20 0.817021 0.968182 0.365957 0.063636
19 0.836170 0.968182 0.025532 0.063636
19 0.861702 0.968182 0.029787 0.063636
19 0.896809 0.968182 0.044681 0.063636
19 0.938298 0.968182 0.042553 0.063636
19 0.969149 0.968182 0.023404 0.063636
20 0.989362 0.968182 0.021277 0.063636