24 0.031915 0.177273 0.055319 0.354545
19 0.087234 0.177273 0.055319 0.354545
34 0.156383 0.177273 0.014894 0.354545
19 0.179787 0.177273 0.036170 0.354545
27 0.211702 0.177273 0.027660 0.354545
40 0.239362 0.177273 0.027660 0.354545
34 0.271277 0.177273 0.036170 0.354545
19 0.305319 0.177273 0.036170 0.354545
27 0.339362 0.177273 0.036170 0.354545
19 0.373404 0.177273 0.036170 0.354545
27 0.415957 0.177273 0.048936 0.354545
34 0.460638 0.177273 0.044681 0.354545
40 0.574468 0.172727 0.851064 0.290909
24 0.532979 0.177273 0.036170 0.354545
42 0.563830 0.177273 0.029787 0.354545
10 0.591489 0.177273 0.029787 0.354545
38 0.626596 0.177273 0.044681 0.354545
13 0.661702 0.177273 0.029787 0.354545
27 0.764894 0.177273 0.070213 0.354545
34 0.815957 0.177273 0.036170 0.354545
19 0.852128 0.177273 0.036170 0.354545
13 0.886170 0.177273 0.036170 0.354545
34 0.920213 0.177273 0.036170 0.354545
19 0.968085 0.177273 0.063830 0.354545
6 0.134043 0.600000 0.085106 0.600000
0 0.236170 0.581818 0.085106 0.600000
4 0.337234 0.568182 0.078723 0.572727
9 0.486170 0.427273 0.176596 0.854545
29 0.692553 0.509091 0.074468 0.563636
43 0.798936 0.513636 0.082979 0.554545
10 0.901064 0.509091 0.078723 0.563636