0 0.141489 0.509091 0.087234 0.563636
8 0.240426 0.500000 0.085106 0.563636
0 0.336170 0.445455 0.085106 0.654545
7 0.430851 0.477273 0.082979 0.572727
11 0.611702 0.418182 0.227660 0.636364
30 0.776596 0.454545 0.076596 0.545455
10 0.878723 0.445455 0.080851 0.527273
18 0.079787 0.813636 0.044681 0.372727
24 0.126596 0.813636 0.053191 0.372727
10 0.162766 0.813636 0.023404 0.372727
20 0.193617 0.813636 0.038298 0.372727
24 0.225532 0.813636 0.029787 0.372727
19 0.254255 0.813636 0.031915 0.372727
20 0.287234 0.813636 0.038298 0.372727
23 0.320213 0.813636 0.031915 0.372727
19 0.353191 0.813636 0.038298 0.372727
22 0.385106 0.813636 0.029787 0.372727
19 0.413830 0.813636 0.031915 0.372727
23 0.443617 0.813636 0.031915 0.372727
19 0.498936 0.831818 0.997872 0.336364
19 0.548936 0.813636 0.068085 0.372727
19 0.603191 0.813636 0.044681 0.372727
23 0.636170 0.813636 0.025532 0.372727
17 0.661702 0.813636 0.029787 0.372727
19 0.686170 0.813636 0.023404 0.372727
40 0.709574 0.813636 0.023404 0.372727
24 0.730851 0.813636 0.023404 0.372727
19 0.756383 0.813636 0.031915 0.372727
17 0.777660 0.813636 0.014894 0.372727
10 0.800000 0.813636 0.029787 0.372727
10 0.824468 0.813636 0.023404 0.372727
17 0.850000 0.813636 0.031915 0.372727
19 0.875532 0.813636 0.023404 0.372727
19 0.901064 0.813636 0.031915 0.372727
24 0.926596 0.813636 0.023404 0.372727
38 0.967021 0.813636 0.061702 0.372727